VERTEX 40
0 0
100 0
200 0
300 0
400 0
500 0
600 0
700 0
800 0
900 0
1000 0
0 1000
100 1000
200 1000
300 1000
400 1000
500 1000
600 1000
700 1000
800 1000
900 1000
1000 1000
0 100
0 200
0 300
0 400
0 500
0 600
0 700
0 800
0 900
1000 100
1000 200
1000 300
1000 400
1000 500
1000 600
1000 700
1000 800
1000 900

LINE 22
0 11 1 0 0
1 12 1 0 0
2 13 1 0 0
3 14 1 0 0
4 15 1 0 0
5 16 1 0 0
6 17 1 0 0
7 18 1 0 0
8 19 1 0 0
9 20 1 0 0
10 21 1 0 0
22 31 1 0 0
23 32 1 0 0
24 33 1 0 0
25 34 1 0 0
26 35 1 0 0
27 36 1 0 0
28 37 1 0 0
29 38 1 0 0
30 39 1 0 0
0 10 1 0 0
11 21 1 0 0

NOTEXT
